%YAML:1.0
---
camera_matrix: !!opencv-matrix
   rows: 3
   cols: 3
   dt: d
   data: [ 4.5646289118695825e+02, 0., 3.8678708405479074e+02, 0.,
       4.5722421506199760e+02, 3.1473425781346805e+02, 0., 0., 1. ]
dist_coeffs: !!opencv-matrix
   rows: 4
   cols: 1
   dt: d
   data: [ -6.3272327678172549e-02, -7.4205333877618868e-03,
       4.4154135439436318e-02, -3.7648223182922914e-02 ]
resolution: [ 800, 600 ]
