%YAML:1.0
---
camera_matrix: !!opencv-matrix
   rows: 3
   cols: 3
   dt: d
   data: [ 4.4113701859906433e+02, 0., 3.8274696637603029e+02, 0.,
       4.4155078283977326e+02, 3.1699645257182328e+02, 0., 0., 1. ]
dist_coeffs: !!opencv-matrix
   rows: 4
   cols: 1
   dt: d
   data: [ -2.2223867143631264e-02, -7.4104703602214855e-02,
       1.4003004211367603e-01, -8.8651208087827213e-02 ]
resolution: [ 800, 600 ]
