%YAML:1.0
---
camera_matrix: !!opencv-matrix
   rows: 3
   cols: 3
   dt: d
   data: [ 4.4854285083424384e+02, 0., 4.1679152817796461e+02, 0.,
       4.4977697051367278e+02, 2.9455516067061978e+02, 0., 0., 1. ]
dist_coeffs: !!opencv-matrix
   rows: 4
   cols: 1
   dt: d
   data: [ -1.8173850286230361e-02, -1.7124375445366710e-01,
       4.1677997687496510e-01, -4.0481320904525098e-01 ]
resolution: [ 800, 600 ]
